version https://git-lfs.github.com/spec/v1
oid sha256:173694a5037ba9e99fc372795cc135f2a2774fb61871f90809c5912ffd46b0ef
size 271305372
